00D01
01000
00501
00003
01DD5
119D1
00000
11AD1
00001
11BD1
00002
00301
00100
00401
00110
00201
00120
00901
00001
00A01
00001
00B01
00001
00501
00004
01595
0C50
00501
00004
015B5
0C50
00500
015A5
0C50
00501
00001
01695
017A5
00500
05665
00567
00553
10550
00601
00004
05776
00601
00001
016B6
00676
00646
10660
05756
00887
00501
00001
00AA5
0F100
0001F
00501
00001
01695
017B5
00501
00004
05665
00567
00552
11851
00000
00801
00000
00501
00001
00BB5
00A50
0F100
0001B
00501
00001
00995
00B50
0F100
00017
109D0
10AD0
10BD0
00501
00003
00DD5
15000
