000 00D01 00000000 00000001 00000000 00000000 00000000 00000000 00000000 00000000 00000000 00000000 00000000 00000000 00000000 00000000 00000000 00000000
002 06DD1 00000000 0000000B 00000000 00000000 00000000 00000000 00000000 00000000 00000000 00000000 00000000 00000000 00000000 00000001 00000000 00000000
004 00501 00000000 00000006 00000000 00000000 00000000 00000000 00000000 00000000 00000000 00000000 00000000 00000000 00000000 00000800 00000000 00000000
006 14150 00000000 00000044 00000000 00000000 00000000 00000006 00000000 00000000 00000000 00000000 00000000 00000000 00000000 00000800 00000000 00000000
008 00501 00000000 00000001 00000000 00000000 00000000 00000006 00000000 00000000 00000000 00000000 00000000 00000000 00000000 00000800 00000000 00000000
00A 14501 00000000 00000002 00000000 00000000 00000000 00000001 00000000 00000000 00000000 00000000 00000000 00000000 00000000 00000800 00000000 00000000
00C 00501 00000000 000000B0 00000000 00000000 00000000 00000001 00000000 00000000 00000000 00000000 00000000 00000000 00000000 00000800 00000000 00000000
00E 14501 00000000 00000013 00000000 00000000 00000000 000000B0 00000000 00000000 00000000 00000000 00000000 00000000 00000000 00000800 00000000 00000000
010 00501 00000000 00000048 00000000 00000000 00000000 000000B0 00000000 00000000 00000000 00000000 00000000 00000000 00000000 00000800 00000000 00000000
012 14501 00000000 00000014 00000000 00000000 00000000 00000048 00000000 00000000 00000000 00000000 00000000 00000000 00000000 00000800 00000000 00000000
014 00501 00000000 000000FF 00000000 00000000 00000000 00000048 00000000 00000000 00000000 00000000 00000000 00000000 00000000 00000800 00000000 00000000
016 14501 00000000 00000015 00000000 00000000 00000000 000000FF 00000000 00000000 00000000 00000000 00000000 00000000 00000000 00000800 00000000 00000000
018 10301 00000000 00000400 00000000 00000000 00000000 000000FF 00000000 00000000 00000000 00000000 00000000 00000000 00000000 00000800 00000000 00000000
01A 0F100 00000000 0000001F 00000000 00000007 00000000 000000FF 00000000 00000000 00000000 00000000 00000000 00000000 00000000 00000800 00000000 00000000
01F 00DD1 00000000 FFFFFFFD 00000000 00000007 00000000 000000FF 00000000 00000000 00000000 00000000 00000000 00000000 00000000 00000800 00000000 0000001C
021 119D1 00000000 00000002 00000000 00000007 00000000 000000FF 00000000 00000000 00000000 00000000 00000000 00000000 00000000 000007FD 00000000 0000001C
023 11FD1 00000000 00000001 00000000 00000007 00000000 000000FF 00000000 00000000 00000000 00000000 00000000 00000000 00000000 000007FD 00000000 0000001C
025 113D1 00000000 00000000 00000000 00000007 00000000 000000FF 00000000 00000000 00000000 00000000 00000000 00000000 00000000 000007FD 00000000 0000001C
027 00501 00000000 00000001 00000000 00000007 00000000 000000FF 00000000 00000000 00000000 00000000 00000000 00000000 00000000 000007FD 00000000 0000001C
029 0C135 00000000 0000002E 00000000 00000007 00000000 00000001 00000000 00000000 00000000 00000000 00000000 00000000 00000000 000007FD 00000000 0000001C
02E 01331 00000000 00000001 00000000 00000007 00000000 00000001 00000000 00000000 00000000 00000000 00000000 00000000 00000000 000007FD 00000000 0000001C
030 0F100 00000000 0000001F 00000000 00000006 00000000 00000001 00000000 00000000 00000000 00000000 00000000 00000000 00000000 000007FD 00000000 0000001C
01F 00DD1 00000000 FFFFFFFD 00000000 00000006 00000000 00000001 00000000 00000000 00000000 00000000 00000000 00000000 00000000 000007FD 00000000 00000032
021 119D1 00000000 00000002 00000000 00000006 00000000 00000001 00000000 00000000 00000000 00000000 00000000 00000000 00000000 000007FA 00000000 00000032
023 11FD1 00000000 00000001 00000000 00000006 00000000 00000001 00000000 00000000 00000000 00000000 00000000 00000000 00000000 000007FA 00000000 00000032
025 113D1 00000000 00000000 00000000 00000006 00000000 00000001 00000000 00000000 00000000 00000000 00000000 00000000 00000000 000007FA 00000000 00000032
027 00501 00000000 00000001 00000000 00000006 00000000 00000001 00000000 00000000 00000000 0